%YAML:1.0
---
K_one: !!opencv-matrix
   rows: 3
   cols: 3
   dt: d
   data: [ 9.5453810291165337e+02, 0., 6.6902430530829315e+02, 0.,
       9.5440504304943875e+02, 3.5550009374154530e+02, 0., 0., 1. ]
D_one: !!opencv-matrix
   rows: 1
   cols: 5
   dt: d
   data: [ 4.6426412022036845e-02, -1.6494082335931984e-01,
       5.9263404009533437e-04, 9.2586593206455423e-04,
       9.2251614027427944e-02 ]
K_two: !!opencv-matrix
   rows: 3
   cols: 3
   dt: d
   data: [ 9.5273169878686815e+02, 0., 6.3049292005782058e+02, 0.,
       9.5285058692161431e+02, 3.6852405452471584e+02, 0., 0., 1. ]
D_two: !!opencv-matrix
   rows: 1
   cols: 5
   dt: d
   data: [ 3.9429883871458377e-02, -1.0763566421950838e-01,
       -2.1103015122348156e-04, 7.0469340571593562e-04,
       -2.0949851880359336e-02 ]
