%YAML:1.0
---
R: !!opencv-matrix
   rows: 3
   cols: 3
   dt: d
   data: [ 6.9686591266910081e-01, 4.1258508288277804e-02,
       7.1601371163804350e-01, -5.2243181420506518e-02,
       9.9861194045242785e-01, -6.6964453929547335e-03,
       -7.1529612731715886e-01, -3.2740309706276345e-02,
       6.9805409701928678e-01 ]
T: !!opencv-matrix
   rows: 3
   cols: 1
   dt: d
   data: [ -9.2114994291641938e+02, 3.0480205821371239e+01,
       4.1836594603981871e+02 ]
