%YAML:1.0
---
R: !!opencv-matrix
   rows: 3
   cols: 3
   dt: d
   data: [ 7.1027757735161567e-01, 3.4768962792333519e-02,
       7.0306250244047652e-01, -5.8142059924111283e-02,
       9.9826433652039048e-01, 9.3709817674383078e-03,
       -7.0151640321470798e-01, -4.7533500374472064e-02,
       7.1106631361839190e-01 ]
T: !!opencv-matrix
   rows: 3
   cols: 1
   dt: d
   data: [ -9.1775623738944046e+02, 2.2042704463166203e+01,
       3.1976311842544811e+02 ]
