%YAML:1.0
---
K_one: !!opencv-matrix
   rows: 3
   cols: 3
   dt: d
   data: [ 4.7703656221870995e+02, 0., 3.3467081285055144e+02, 0.,
       4.7704717957151792e+02, 1.7535173157809692e+02, 0., 0., 1. ]
D_one: !!opencv-matrix
   rows: 1
   cols: 5
   dt: d
   data: [ 3.7321122099974638e-02, -1.1743440397780337e-01,
       -5.1146726651026941e-04, 3.3019350119401489e-04,
       -1.4200796524090693e-03 ]
K_two: !!opencv-matrix
   rows: 3
   cols: 3
   dt: d
   data: [ 4.7487123914479707e+02, 0., 3.1490202881336256e+02, 0.,
       4.7479135159905428e+02, 1.8455636058331601e+02, 0., 0., 1. ]
D_two: !!opencv-matrix
   rows: 1
   cols: 5
   dt: d
   data: [ 2.5354590124564029e-02, -6.0012660644570406e-02,
       -4.0093524891241639e-04, 2.0846337083526687e-05,
       -1.0903361404421962e-01 ]
