%YAML:1.0
cam_K: !!opencv-matrix
   rows: 3
   cols: 3
   dt: d
   data: [ 1.4285896011836169e+03, 0., 9.3297583890356168e+02, 0.,
       1.4282907639513983e+03, 5.4482150439173756e+02, 0., 0., 1. ]
cam_kc: !!opencv-matrix
   rows: 1
   cols: 5
   dt: d
   data: [ 9.9602564042101299e-02, -6.1277266409643738e-01,
       1.0258937317223564e-04, 2.7089124309097952e-03, 0. ]
proj_K: !!opencv-matrix
   rows: 3
   cols: 3
   dt: d
   data: [ 7.3590569321396902e+02, 0., 3.2013890674206340e+02, 0.,
       1.4747543329331120e+03, 8.0074476003497284e+02, 0., 0., 1. ]
proj_kc: !!opencv-matrix
   rows: 1
   cols: 5
   dt: d
   data: [ 2.4193111692048595e-02, -7.6902759145700356e-02,
       1.8629803267498986e-03, 1.6657883088483608e-03, 0. ]
R: !!opencv-matrix
   rows: 3
   cols: 3
   dt: d
   data: [ 9.7881251010257087e-01, -1.3371292322494413e-02,
       -2.0432150794356213e-01, 4.6113694242464649e-03,
       9.9905193344131793e-01, -4.3289370048518509e-02,
       2.0470663237603670e-01, 4.1429975003502574e-02,
       9.7794619066310151e-01 ]
T: !!opencv-matrix
   rows: 3
   cols: 1
   dt: d
   data: [ 1.4515799605530086e+02, -1.5829041935858245e+02,
       2.5496819827013780e+01 ]
cam_error: 3.3186755699058446e-01
proj_error: 3.1132223537077303e-01
stereo_error: 3.3785444381875535e-01
