%YAML:1.0
---
distance: 6.1906565038025974e-01
xscale: 8.7005416507623368e-01
yscale: 5.4296823691467733e-01
