%YAML:1.0
---
DISTANCE TO THE WALL : 7.5665222227502882e-01
MIDPOINT : [ 0., 0., 0. ]
MIDPOINTLEFT : [ 2.7251067224413694e-01, 0., 0. ]
MIDPOINTTOP : [ 0., 1.7072957779150749e-01, 0. ]
