%YAML:1.0
---
R: !!opencv-matrix
   rows: 3
   cols: 3
   dt: d
   data: [ 9.8978090379007244e-01, 1.6523903480149895e-03,
       -1.4258692821799956e-01, 2.6140833680495914e-03,
       9.9955456540522214e-01, 2.9729402041115672e-02,
       1.4257253964439315e-01, -2.9798328538949852e-02,
       9.8933570164814766e-01 ]
T: !!opencv-matrix
   rows: 3
   cols: 1
   dt: d
   data: [ 6.2059698709379995e+02, -1.1075461970650458e+00,
       4.1979448258809015e+01 ]
