%YAML:1.0
---
K_one: !!opencv-matrix
   rows: 3
   cols: 3
   dt: d
   data: [ 6.3767455792725730e+02, 0., 3.3530757966844902e+02, 0.,
       6.3761758751208458e+02, 2.3744157667265520e+02, 0., 0., 1. ]
K_two: !!opencv-matrix
   rows: 3
   cols: 3
   dt: d
   data: [ 6.4191722409643069e+02, 0., 3.1963742022858924e+02, 0.,
       6.4208402923411336e+02, 2.4737831264380881e+02, 0., 0., 1. ]
D_one: !!opencv-matrix
   rows: 1
   cols: 5
   dt: d
   data: [ 3.7373409267210653e-02, -2.3193632088839888e-01,
       1.6281057771244574e-03, -1.6017506221101940e-03,
       5.9937125753700271e-01 ]
D_two: !!opencv-matrix
   rows: 1
   cols: 5
   dt: d
   data: [ 2.8331681419493125e-02, -1.2040852257288474e-01,
       1.5618117729729480e-03, 3.7115954719477875e-03,
       -1.5119371508084238e-03 ]
